id	FAS	BCL6	CASP1	CD36	DDC	FABP4	IL10	NR4A2	ABCB1	PPARA	PPARD	PPARG	SHBG	NR1H4	LPAR6	PARK7	Type
Train.GSE164760_GSM5018268_Control	3.98449203556609	6.3918537978252	5.39829955818919	6.10468518152845	6.55221475050667	2.9625789997403	4.97599225292507	8.57285940085506	6.73101563891402	6.26428131970425	4.60810094091944	4.87561937545215	7.65519642368904	7.26713439193719	4.98975640803572	9.08602011533002	0
Train.GSE164760_GSM5018269_Control	3.76346088341553	4.82594050700564	2.18603359611582	4.43961176790792	6.17417398865704	5.67136061541039	4.18658582071851	4.94734401783591	6.14251885841017	5.90392914307533	5.40296709609052	5.26436012611147	8.55759188596793	7.4432158456708	2.84621040028124	8.40202385771281	0
Train.GSE164760_GSM5018270_Control	4.19137378405321	4.48146020888964	5.76332136999191	7.01986370420337	7.55096901091738	4.77001297191032	4.16617707384133	5.20693773869141	5.76265540436676	7.73838257994976	6.0410318259419	4.13398858864877	8.8945285723383	6.10608286869755	4.68089443540019	7.46009333345072	0
Train.GSE164760_GSM5018271_Control	5.44520163919627	4.93947272611424	2.04595695381056	6.21794704606755	7.22411604076597	6.61817633763383	4.48370397856149	5.20693781076014	6.65576415834851	7.7692560283691	5.55706101965903	5.52094613037904	6.72773631757171	6.94211633228399	4.42458451063455	8.96129019030544	0
Train.GSE164760_GSM5018272_Control	4.32062085159088	7.42182189590863	4.7755686044189	6.73269475028369	7.26054592922535	5.92266129297185	3.65871011873807	4.58044428488984	5.04665196214847	6.94056760964747	4.650246121743	4.10460969734629	8.00620461892449	4.22228894638217	4.83242292782726	10.2560481632237	0
Train.GSE164760_GSM5018273_Control	4.28451654823738	5.06285670457784	3.78850498885445	4.88257362564909	6.76510153143981	4.07846588753214	4.10690546867363	5.75525708996983	6.92577534555666	6.15433626003979	5.75131891334752	5.67450830332564	5.45897123140653	7.86178051214383	3.5840156346466	9.42209985164273	0
Train.GSE164760_GSM5018282_Treat	6.12129938720849	4.80536846195029	5.18538299827579	6.6468240263598	7.82049560917422	6.04570930009158	3.01736669145713	3.57762090506385	6.80704707701046	6.51487887230208	3.97089031731043	4.98931527743957	6.17996085614259	6.77030857595449	5.42288883011616	9.31746297292294	1
Train.GSE164760_GSM5018283_Treat	5.55987254072175	4.21377780010473	6.22621925276073	6.00390557885568	6.45653861090658	2.03465720283696	3.93354766946165	3.72982861754054	4.94669808199315	7.14732009761121	4.47493931179017	5.47321736164056	5.09132505751852	6.78295723841898	6.61702620661844	8.93834444875685	1
Train.GSE164760_GSM5018284_Treat	6.06183955117958	5.02874380869686	6.31075469801046	5.93593473812398	6.74058726206789	3.20827602949168	3.93258857382517	4.58492623909344	6.09251687103928	6.76991992301181	4.8687071007036	4.45691489074976	5.60958774040498	7.60414264840234	6.85631028385785	9.04201974078923	1
Train.GSE164760_GSM5018285_Treat	5.05223175948798	6.33384464539434	4.26361269571032	5.77155733384109	6.58091658570843	5.06070741267649	4.16462621114547	5.94101611056149	5.35602474296092	6.54609222147916	4.2440171031985	4.55405916124524	5.61152824747859	6.30612712264235	4.67333215037639	9.77200181505433	1
Train.GSE164760_GSM5018286_Treat	5.41638739356551	5.16785057224228	6.91753270371182	7.77128889408394	6.45444615824506	5.99504869134312	3.90590637445141	4.14217128702114	4.4875432466893	7.4245492166119	6.24252045075191	3.89244271745189	6.70070639101464	8.89839132438281	4.56009132538818	8.31215719386079	1
Train.GSE164760_GSM5018287_Treat	5.34072012653813	4.77141680563619	6.70921980174841	5.95725400355822	6.45847136125328	5.31377873277858	3.4786257322288	3.29012649679264	6.55709057438155	6.7531803439717	5.09223384694339	5.10996898949922	5.882660216435	8.39540802851655	4.7960792889218	8.8898169942335	1
Train.GSE164760_GSM5018288_Treat	4.82984438684725	4.56459495138368	4.44970488304383	5.90233699853132	5.94598591394338	5.76788210906572	4.32641676851442	4.40714565912026	6.01670099146638	5.7007029140006	5.96642158565957	5.07340824389055	7.07678255365067	8.05199155027822	3.6049714780982	8.35100644120446	1
Train.GSE164760_GSM5018289_Treat	5.73507357469923	4.16940179124212	4.48606553331192	5.13109893832233	8.37750478193614	4.20905150066802	3.31261688606047	4.11640815808234	6.19099812215461	7.24442778016132	5.367534468552	5.06240105251441	5.60900369989532	7.07361858141888	5.29580633590333	9.33022205088489	1
Train.GSE164760_GSM5018290_Treat	5.81586139377073	4.49070111974565	6.77364173826814	5.08402117893196	6.1405423062225	8.05231394670996	4.17078636190019	4.80007949942298	6.53496971581371	6.33136335650408	5.08260282165045	5.3589606216519	6.45713385249174	7.22368152333957	7.04023654452101	8.76851900680934	1
Train.GSE164760_GSM5018291_Treat	6.16780061097137	5.2361188375753	4.93263828074581	5.6020617869018	7.74019216560526	5.33508219688205	4.05787504196893	2.93690180501289	6.60086914429519	6.5122963326777	5.0178975071048	4.75410083810109	7.74758994032219	7.79980571348265	4.98893904330995	8.86319754062749	1
Train.GSE164760_GSM5018292_Treat	6.10704565889196	6.34362738519634	5.61297621907892	4.88007991162587	6.3877623524293	4.66927385491654	3.61114287217105	4.50211566701352	5.82413284708026	5.9403237537489	5.08917101895086	4.36587728046237	4.82712377310989	7.90600412955622	6.15806889867663	9.25898476026303	1
Train.GSE164760_GSM5018293_Treat	5.19460659426489	5.14936511409437	7.41500301752681	6.08012702289116	6.27322250041607	4.64076209587436	5.16470315982582	3.83203504642727	6.03420980844127	6.03303920649009	5.78159780667873	4.7533988813291	8.40230902019693	7.65897259053186	5.17900403055853	8.97881125167444	1
Train.GSE164760_GSM5018294_Treat	4.84456712899703	5.81605944979494	6.39959013861464	6.44500339179432	6.61984828535174	5.93164320794735	3.68113015194999	4.02500403878917	5.76636946254706	6.87656064124802	5.62150123045375	5.23514388510352	6.90797014624905	7.8395066080318	3.96336523626329	8.63342004954315	1
Train.GSE164760_GSM5018295_Treat	5.13289334572923	4.63367777835363	5.17620445117206	6.82884563363714	6.76171600055794	4.03891111622152	3.04254926650235	3.42219099975161	5.82451538755864	6.81404964809438	4.62373574664999	6.04403842478907	5.79669371361523	8.82840172499558	6.96891464236583	8.87162314426296	1
Train.GSE164760_GSM5018296_Treat	7.12622300197633	5.24464191598878	7.33977044684197	6.57899842408362	6.93757622044801	5.53620089820594	4.91170975193198	6.78220879170527	5.22269800111109	6.58944814089814	5.05208280871368	4.66712439326239	6.02535025634883	7.77397629509706	5.35385215273628	8.86319754062749	1
Train.GSE164760_GSM5018297_Treat	6.25579174926832	3.90621168988483	6.31830253143755	5.54621457495433	8.39915728074187	4.0353820388746	3.74586658157765	3.85378827133185	5.18512402523434	6.9031483684707	4.14897447625911	4.22335023167952	5.28179991416526	8.42932519592466	6.25403652547634	8.63342019268966	1
Train.GSE164760_GSM5018298_Treat	6.35602389525326	4.8864857098186	7.03290858767062	7.31648374803571	5.85703798037554	4.70129459320641	4.24655852551815	4.09645521000693	5.16754006637977	7.33138139649132	4.90093833354144	4.85871712928239	6.61696168948187	7.90784071019678	4.76053544176969	8.2262592670253	1
Train.GSE164760_GSM5018299_Treat	5.19696135072036	5.57663469329589	5.31954389421536	5.18668434282472	7.42314963459043	4.57711439316437	3.92732184699668	5.91643923288803	6.2522100635599	6.34822746529595	5.07061375638575	4.98672567525484	6.40332991366198	9.07414021970604	5.02864953082701	9.28253951864252	1
Train.GSE164760_GSM5018300_Treat	6.10278101610884	4.69013053622823	6.96399430964869	5.67202209189397	7.30758440886746	5.54116810620762	3.48336448737357	4.28601326153426	7.70225707119133	6.41471885005408	4.36513929283928	4.85660543963568	6.13493187670333	7.8319966524281	7.50100504999878	9.06413229807073	1
Train.GSE164760_GSM5018301_Treat	6.39683197366177	5.69103842062728	7.11645664157182	5.49974205144032	5.78884559528698	3.46642122639608	4.56850289916987	4.80660604344417	6.47628011273732	6.50036266054269	4.33186824579969	4.88556752137303	6.81996637537623	8.25119046219922	4.39784774994361	9.03161728383732	1
Train.GSE164760_GSM5018302_Treat	5.77143459121694	4.1287874571103	6.3540507243926	5.94897919384519	6.48949725702113	4.90260928821632	4.48046802308068	3.48608115242432	5.72046437743841	6.91457524202946	5.5339239882963	4.85954180119161	5.13065820681403	8.15131144262019	4.60088387975765	9.25898476026303	1
Train.GSE164760_GSM5018303_Treat	6.55535999061756	4.18197425919314	7.07903335292783	7.36112566184998	6.13746187075791	4.41192141636996	3.73922580050397	3.974237457375	6.24215547285128	6.81914264278513	3.84534572193235	4.57688621353708	6.1330208284759	7.4500114801126	4.51662184616481	8.76851900680934	1
Train.GSE164760_GSM5018304_Treat	5.86272656153768	4.28642658882646	6.32052062008478	7.61433816744988	7.50488069173814	7.13149310600804	3.52636653974433	3.86949651545672	6.28219653121005	6.83121467313813	4.81024653583031	4.50429224465244	5.70512308075241	7.96749568151226	5.1370986197169	8.96129019030544	1
Train.GSE164760_GSM5018305_Treat	6.55535999061756	5.92032733940047	4.26985856039877	6.08012702289116	5.8017437323527	3.57260655608945	5.53460982064004	3.4869938307976	5.57847559848252	6.91530918051912	5.03592087808302	5.61104144553438	5.74017601076702	7.26261560256053	5.02820747458372	8.47092599930128	1
Train.GSE164760_GSM5018306_Treat	6.39103003259776	6.73053252613965	5.67467372168081	6.02494851299929	6.34157235874617	4.79585763874958	3.59586878703472	3.8513408173239	6.50197711757093	6.79866989275225	4.6076603544247	5.10238632878747	8.80073613818847	7.88549135466046	4.50127576806146	8.85362318624151	1
Train.GSE164760_GSM5018307_Treat	6.6831994205146	5.81605908615135	7.60408701510306	6.39988612461835	7.04445668904183	4.45080007273558	4.44295085751652	4.03023846258338	6.72609650232592	6.47494108493508	3.90197311617172	5.35083028917473	5.66789888270235	9.07070735869566	5.24384017684093	9.12942857904796	1
Train.GSE164760_GSM5018308_Treat	6.05057845005456	4.75547874355033	7.71832660389356	6.74658620339366	6.13208333264515	4.27663143370765	3.9582193041678	4.15339959486679	6.61094422824372	6.53477935921114	4.49107259678012	5.17341780736515	6.20182460750336	9.90484180648192	6.29931203371438	8.84497427404894	1
Train.GSE164760_GSM5018309_Treat	5.44093871031816	4.25381204998511	6.87940176050691	6.99901442133378	6.56002873094402	4.83444673361174	4.20143267890465	4.49691302552843	6.19305974208989	7.62357983018749	4.12930146222951	5.27109600145714	7.97123545778278	8.58794769070298	5.15883719880156	9.12942857904796	1
Train.GSE164760_GSM5018310_Treat	5.45006264640702	5.83614748523477	5.45207769064866	8.36938463615468	6.22457477367552	4.27886232272024	4.19531510651152	4.132122023568	6.5163702030701	6.22555646535936	4.37917490492766	5.37993567193185	6.03938399746238	8.90972119607581	6.98017832700144	8.72532311566018	1
Train.GSE164760_GSM5018311_Treat	5.12452501819919	6.53285150802776	6.60843005890324	5.43913147202206	7.36027538691925	3.77339587189846	4.22273484970806	3.49623369036489	7.16354899656149	6.56409497206497	4.22585456402885	4.67536165594212	5.41816340248477	8.49548500974718	5.66155637660035	9.10887560300344	1
Train.GSE164760_GSM5018312_Treat	4.92055467270939	4.41012206438746	5.93781134756309	5.75779145147911	6.9566254492827	3.37502995865827	4.18048051666685	4.00146358149523	5.58634902535635	6.95404300865594	4.37917490492766	5.03457294011576	7.74086048235456	8.50535448515202	3.72142121645425	8.75154898793429	1
Train.GSE164760_GSM5018313_Treat	6.25579174926832	6.2078363238855	6.05932120149529	8.65737660798896	6.90857957232829	6.84862836363326	3.87321052275349	4.06009293321922	6.77314898116706	6.34896155089695	4.25206645304948	5.39545218996624	6.87486180222522	7.77153395752405	5.85940884872941	9.45060783716792	1
Train.GSE164760_GSM5018314_Treat	3.79362807076165	5.93567011693292	6.80641156569427	5.03101678281615	7.96046933114659	7.95973808211708	5.02530203698181	6.30556388056442	5.00324029713017	3.89127966300603	5.57237027257008	3.65767061999221	8.23804528525409	5.20842261273485	5.28179558219614	6.94028197266292	1
Train.GSE164760_GSM5018315_Treat	5.70077431139702	4.09839776246851	6.60514983786396	5.63322398349848	7.4252550302581	8.66597025209065	4.24892393392124	3.02634897006189	6.17516026324154	6.26657191686868	4.14150939221881	5.15708083643633	8.54408742212432	7.02935813226856	5.19460380922175	8.23237820778307	1
Train.GSE164760_GSM5018316_Treat	5.07169501387419	6.69715295391806	6.24456478162296	7.17998531915949	6.27029450480174	3.19534178608733	3.64592145525114	4.03382676455794	5.76599200742821	6.30159243404401	4.11970630037651	6.73847225694309	6.33366049776945	7.75177927276807	3.46033631636652	9.46532759289058	1
Train.GSE164760_GSM5018317_Treat	4.37087701768892	5.72980864539608	6.35159048632973	6.25708419548263	6.52957671368791	4.41511701414476	4.04240105503328	4.09870231295062	6.52081040505133	7.54840961175573	4.3286503103091	4.76510955705156	4.96201734053986	7.5848127801964	5.30658011855561	9.29542843048991	1
Train.GSE164760_GSM5018318_Treat	5.72318309784564	3.89234814173928	7.16997093959336	5.65604888758825	5.56274709701125	3.84898258991476	3.81478362897969	3.98994771942425	6.23962341920865	6.5544863947043	5.19050365717862	5.05259540745532	7.15682677088851	8.17229258849006	7.51748081918653	8.77838752727535	1
Train.GSE164760_GSM5018319_Treat	6.36136308196321	4.33167905146466	6.39959028318145	5.63098239435664	6.98244027505629	4.9812819577106	3.17996623769628	5.44937549881098	6.6396324870958	7.22665577371682	4.53182835125167	4.15339896637272	6.38504050230602	7.16782172290694	6.60609995258777	8.40202385771281	1
Train.GSE164760_GSM5018320_Treat	5.38482993118174	4.7314979035019	8.44544130382092	5.83968249043178	6.58923893866528	6.50357749698566	3.76658492366028	4.06009293321922	7.13017309883144	5.96533930205014	4.86770412735209	5.78856325802047	5.68122259008713	5.57718769426351	6.14818816266917	8.5963345103611	1
Train.GSE164760_GSM5018321_Treat	5.94174712098582	5.58633263141319	6.89906595557495	5.3514928481274	7.38274013126672	4.40309209807367	3.64401459415236	4.1104048330275	6.56840215970575	6.82001663127323	4.72567189815305	5.38806360393508	5.14048726414974	8.36178866180109	3.90877597880453	9.4771014649908	1
Train.GSE164760_GSM5018322_Treat	5.36570796744636	5.29994556012558	6.60514983786396	6.39988612461835	8.32871928408564	5.36068717527885	4.26030917131015	2.82670295417441	6.51422827999471	6.57508933827565	4.42836871781296	4.04476588213972	6.06819474903959	8.24425822849638	6.41582970120753	8.76851900680934	1
Train.GSE164760_GSM5018323_Treat	5.74190415684272	3.78158230486136	5.73714971658312	9.12370551774212	5.37817623397972	3.31633904271333	3.81741554905964	3.75823306536601	7.87563747094743	6.55511382458171	4.20081857479963	4.71346081437677	7.41047272409951	7.59115427573369	5.47381574721693	9.27000775733998	1
Train.GSE164760_GSM5018324_Treat	5.7663712686968	5.02071310370141	5.58923111966504	6.34647543905223	5.5438272982381	6.31540643779893	3.50974647321477	3.12878839714672	6.66759361543541	6.15461349136546	4.3598191733226	4.64680183544302	5.87266279046298	7.04254017551254	5.57796514323639	9.152109427978	1
Train.GSE164760_GSM5018325_Treat	6.20434777247724	6.72803502197787	5.86661652802973	5.28085408287089	8.17877096251532	5.33754309747453	3.3052519841729	3.87289945666247	7.74411185718332	6.60129354622742	4.69901137779895	6.16905510733855	5.30721685558998	7.92642750702984	6.0388887043532	9.90858291129506	1
Train.GSE164760_GSM5018326_Treat	6.08518614174187	5.95393695255578	6.10218974380457	5.60691305389619	5.65757741115919	14.9556447941934	3.48230969867359	3.06184743107401	7.71783686708326	5.96559431956303	5.19755800333142	5.32045047298288	6.86910320207842	7.24258278454478	8.30633967326056	9.29542821577014	1
Train.GSE164760_GSM5018327_Treat	5.71978956591582	6.02567852325439	6.02432663534843	6.80820437459707	6.87653268909169	6.63771518862645	3.98042283723605	4.74372968157035	7.07155636060807	7.37560012393634	4.78027101562305	5.14391016336978	6.00803600833737	7.3765418178761	4.58664497275303	9.71149450060148	1
Train.GSE164760_GSM5018328_Treat	6.63492765835355	4.98402946584005	8.16200432856755	6.5595871532137	6.63570792603661	3.49198303109828	5.0122502536536	7.49271780672142	7.71141603141484	5.85546919561488	5.15056065697467	6.2320675481397	5.42928676066542	8.37108027226919	5.87788778910146	8.88057624279134	1
Train.GSE164760_GSM5018329_Treat	5.02160055098843	4.84644782350234	7.82089386801632	5.71455804810324	5.99484216689418	2.39895088291951	4.15837657366469	4.37323299840234	4.72983785822081	6.40627318785893	4.31117797319094	4.24102208434126	5.9726680197395	6.86051987223098	6.05248856061694	8.98985786792571	1
Train.GSE164760_GSM5018330_Treat	6.39255838876553	5.78496683209772	7.77088170109555	5.01718803943514	6.86795938562664	5.41780076262263	3.78966095230754	4.68663755581778	8.64595027596285	6.46697427016102	4.39485933302792	5.75142938107435	3.64609823462782	9.20896082963302	6.66612125209805	9.3065680919733	1
Train.GSE164760_GSM5018331_Treat	7.01167751358739	5.26667799012906	5.99313779061448	8.83229514705117	6.93271827880498	4.96076775340693	3.89466135698889	3.87858495862616	6.1869899480311	6.40937576608042	4.66252013970652	5.03762881617701	5.87005454954231	7.08078868378255	8.56640489793159	9.16277169584732	1
Train.GSE164760_GSM5018332_Treat	4.91786406538858	5.4985871791393	6.66862384977573	6.36847702264729	6.70604381675541	5.08453482585404	3.43991016620268	4.98655632454701	6.08828243636695	6.56466694096612	4.32825190282862	5.48553142922038	7.38760102698591	8.92724130286785	4.64210756263965	9.00049293795794	1
Train.GSE164760_GSM5018333_Treat	6.1466346292115	4.5335252432325	7.25524584410338	5.7532111449783	7.11943480463443	6.7681444087755	3.86806142766973	3.81158338275307	5.31464054247805	5.90571433922127	4.38250561853124	5.18121280090772	6.02117465373966	7.30926417868707	5.83117838538244	9.41263607793647	1
Train.GSE164760_GSM5018334_Treat	5.80318296771586	4.91623030073543	6.48739510695932	5.57217216662657	6.85040075966733	4.14179477483869	3.62784657992279	5.32512180460883	5.37080871803622	6.76203769725992	4.42508010803824	4.5909013442374	7.70812188461822	8.02759249064695	4.90324348341622	8.42227765754942	1
Train.GSE164760_GSM5018335_Treat	4.7653888902875	5.00918996568767	7.74208688282305	5.59962601697074	5.73086955638908	4.58484769511694	5.98972747400277	5.88393191236902	6.00915340710717	6.68258065429642	4.18538150669385	4.28514715976981	9.65611226052246	4.38703409180838	4.87626454058432	8.969478814892	1
Train.GSE164760_GSM5018336_Treat	6.15509163269667	4.31082990999533	6.79699867578293	5.55169127504779	6.76832915764659	6.64642808682212	4.73419623246215	9.28032062935777	6.28311007430485	6.05600255155806	4.55894396888438	3.91928147088103	6.68691587422094	6.11244510443678	5.0757842300131	8.91033568668866	1
Train.GSE164760_GSM5018337_Treat	7.44999001726838	4.8135950981109	5.69854524477468	5.69770842049251	6.22911776883547	6.20979673255449	3.50667743934473	4.50294683565527	5.3922501118496	7.22665577371682	4.29835863545843	5.0601464255561	7.08041211010821	6.75116386768929	5.44829617329242	8.89808069916507	1
Train.GSE164760_GSM5018338_Treat	6.87908959061795	4.92424908549406	5.55829230323816	5.20066260616988	5.97547315233024	4.39622392996732	3.82002331494023	4.10540750814203	7.45072775034952	8.08900654091841	4.93884696695791	4.49350919207437	8.08556397841674	7.53963941887472	5.48014926060298	8.76051595020226	1
Train.GSE164760_GSM5018339_Treat	6.40342603691319	6.58836679273272	5.78759196977943	5.29315774682394	8.72219817605306	5.58333317398152	4.42581631447887	4.91874786719356	6.67369756489405	7.78400180737906	4.66394415134651	6.18527503697761	5.61994592393962	6.52975298619033	7.00958573648471	9.72607182554572	1
Train.GSE164760_GSM5018340_Treat	6.54062711407291	5.15928967489566	5.77649574387067	5.31582251038749	8.38993107452196	4.48502415819839	4.39984495724352	3.47206039756906	5.47583277754789	7.05781240770167	4.67550841905228	5.00043310884164	5.5464211759709	6.99764550529056	6.35755536189705	9.27000775733998	1
Train.GSE164760_GSM5018341_Treat	6.12378380430423	4.77337655366017	5.45511503943822	5.46179169688388	7.8333940338623	4.50034560916476	3.28184687530725	3.7180352908662	6.03370279050563	6.756131176843	4.82662733118557	5.59067109646121	8.14181652898856	6.76940244368362	5.88930062249462	9.33022233717791	1
Train.GSE164760_GSM5018342_Treat	7.5260242090042	5.66374973304577	5.64412350085347	5.0491496526974	7.28175412339207	4.82162585837443	4.81101907127737	3.66798074848613	4.92541752216265	6.61249004342322	4.88435010164369	4.63007191420516	6.18551422632758	7.19988879278426	6.74319874573819	9.41263586321671	1
Train.GSE164760_GSM5018343_Treat	5.7663712686968	4.7443701592268	4.21012947955407	6.58342895342718	6.28809401448669	2.35448942121706	3.85898141164396	3.56091104975517	5.21471778168704	5.67883922622071	4.29488529513463	6.40224296474258	5.19389245105885	6.10341596480011	5.1122917110438	9.69571903936045	1
Train.GSE164760_GSM5018344_Treat	5.70925799218634	5.5523847569924	6.97850231239865	6.03380427653439	5.3450989436421	4.01933184571826	3.72483070595096	5.84620681593201	5.85342148196092	6.56791177585618	4.82974677379082	6.21458627856009	6.54998511427344	6.54795287098035	6.5341814554024	8.28503379296291	1
Train.GSE164760_GSM5018345_Treat	6.07831539460694	4.39925130297043	4.80656878945888	6.76308287129948	6.09233392263528	5.36580772433379	3.32412502336427	4.05413789421224	6.44905977707014	6.07128742008403	4.28921030048908	5.73259148001314	5.96301080567326	7.49206545784849	4.76236140650937	8.35100644120446	1
Train.GSE164760_GSM5018346_Treat	5.76802928550485	5.17026007465578	5.88751799818656	7.4632751959964	6.05269668534541	6.54299880203003	3.30034897758579	2.61281594139846	8.15059375284756	5.91329572227696	3.89711689062647	5.79133689654023	5.38504259510294	7.33816672285632	6.50902257042869	9.82026938708702	1
Train.GSE164760_GSM5018347_Treat	6.33368873220268	5.06391323465816	6.63593172701283	8.21627909763043	5.72989667375986	4.29015819885175	4.28164598213655	4.44730307513232	6.59974960618881	6.24327161326983	5.28540719111199	5.07611496010667	8.79710288049128	7.03987470197386	5.30133997631642	8.49460314794764	1
Train.GSE164760_GSM5018348_Treat	7.04536543442248	5.40301815325764	7.05545956519008	7.32395445109136	5.5963766222781	5.30124444154856	4.02521599529543	5.36040881597256	5.62862809731544	7.38267765064264	4.13831092974907	5.58783126305414	7.37038754333553	6.56221068704346	6.14995801203473	7.09446923087343	1
Train.GSE164760_GSM5018349_Treat	6.01500746923118	4.76385127351841	5.62981102472122	4.81913498117981	5.9839578177748	11.8977271871173	3.89466135698889	3.76800054009208	7.52566909988434	4.91153735510336	7.37836521570907	4.3867512198705	6.23781047651626	7.57698228119585	5.86555643563706	8.98985786792571	1
Train.GSE164760_GSM5018350_Treat	6.20131341542449	6.74175602183696	6.31346460296336	5.32719120178315	5.43357445748533	11.1964390006752	4.22897582718309	5.08466377245152	4.79922720955865	5.34743341297497	6.133293344615	3.31732480595922	4.85167583302457	6.07911631510227	6.757474127736	9.12942857904796	1
Train.GSE164760_GSM5018351_Treat	5.77659724571034	5.27848564288599	6.23532349252139	7.88560108984952	6.39206920963254	9.8001444747934	4.16462621114547	7.26806941938948	6.55213227293495	7.52701440004727	4.90497015108076	4.52125799426903	6.32255043383735	6.08631795687648	8.07077707903003	9.58933076307898	1
Train.GSE164760_GSM5018352_Treat	5.57069473312769	5.21595043690254	5.00252332493251	5.23214019715012	6.10358139498286	8.72535388252178	3.50821365219754	3.27095261166853	7.79860869517522	4.92084508976783	6.70305213070007	5.91414878015097	7.26136413034865	6.79090860273427	6.12538169324768	9.97556760536914	1
Train.GSE164760_GSM5018353_Treat	5.36455070897315	7.4685500969553	3.9956696688873	7.08012102133659	9.28980723942134	5.65482136850654	3.60635388899294	3.0568544375191	5.98075433064053	6.10181890818683	4.48517881259538	5.4022258909618	4.03086098011577	7.54573323349012	6.74419028963181	9.03161728383732	1
Train.GSE164760_GSM5018354_Treat	4.59597385060563	6.20323332334972	4.50378516014729	4.55794782534161	6.69241123599606	5.74747062838026	3.70568343324427	3.77712876519947	5.65268564295599	5.69598063989392	4.36018983738728	4.50429224465244	5.3328732445594	8.16366108858709	5.33548618147267	8.37681074700378	1
Train.GSE164760_GSM5018355_Treat	5.95727651625682	6.71581201551483	4.787652366243	5.07522335948901	9.19789492601075	8.74456989849112	4.0350316066427	5.77565001763059	5.44953699060436	6.35615787001264	5.32710862765364	5.41802137316413	5.98827690269837	6.27306166235451	5.59996894129981	9.58933076307898	1
Train.GSE66676_GSM1627740_Control	5.82057984879479	3.76288520614529	6.09819883230125	5.88633656201519	7.01871664508157	5.1063583841027	4.159364535987	4.17185999958223	7.78809186805522	6.45235728713176	4.63780519217227	5.04152194845023	4.74444261146022	6.975216049664	5.74823100210056	9.53946961251296	0
Train.GSE66676_GSM1627741_Control	4.91381977117631	6.3045393359317	4.72951901390565	4.60998782298378	6.4404238491893	4.48182260543124	3.82169287023153	5.25422131054286	5.24267131993778	6.29057820780205	4.44123444494262	4.37445642882379	6.69921078805405	5.74280464335048	4.1712612528208	8.49299489689694	0
Train.GSE66676_GSM1627742_Control	4.64663613767463	6.12129351368556	4.78678698928658	6.11541921113151	7.07314701934924	4.9141319751193	4.84851985499732	3.94315781836062	5.32934330360258	6.66541423169492	4.75002918869831	5.90778170489172	6.37758288208888	6.73418343525527	4.50930174328198	9.79359331903592	0
Train.GSE66676_GSM1627743_Control	5.45920819260258	5.09197997406036	5.22816393309499	5.61939281947655	5.76887813207127	4.54974227078496	4.19990274455601	3.49409757326254	5.54713331325988	5.94707175104713	4.9906240001139	4.90472475820927	5.52996878804936	6.67802182912547	5.04649495815957	9.39146470896458	0
Train.GSE66676_GSM1627744_Control	6.78265807371448	5.03386609227618	7.48914555442425	8.48357005085179	7.30025651021676	4.18067938619668	3.64430636417932	3.66733998542416	6.4273240396109	6.32315013023069	4.24505842110842	5.94876506913042	4.96821125179079	8.59480125467432	7.18849262460425	9.13598397351766	0
Train.GSE66676_GSM1627745_Control	4.49990276792682	5.47816291883808	5.06436394868155	6.22440100428956	6.49833013966514	4.76662383688385	3.10166751740162	5.00627389615628	5.54085099671309	8.51163731155704	5.20794817569558	4.61275584087728	6.29509811274716	6.74007150706745	5.33084927950534	8.91299463312985	0
Train.GSE66676_GSM1627746_Control	6.31769725323611	5.85050049764965	6.67551050687302	7.13692438644955	8.45978951212487	4.34260828280416	4.02647025279446	3.90625430542451	6.86953172451526	6.49193391615197	3.98057119052931	5.07293396843425	6.49476412940627	8.06568580499212	5.49629733815664	9.1413154653186	0
Train.GSE66676_GSM1627747_Control	7.18000683170102	6.06530331045478	7.7462764291306	7.74982537357956	7.1905897000204	5.06793900652278	4.67246265982727	4.19452921802158	6.26213106870463	6.131360336952	3.94584154656174	5.82187528949508	4.90947106783604	9.81029080174481	6.81731748244147	9.46562891629616	0
Train.GSE66676_GSM1627748_Control	6.01130170851819	5.17301285661627	6.94856324778301	7.02697660627226	6.49295232060827	5.30920477758482	3.91685550838424	6.85668461537472	5.30657986811212	6.94213581656265	4.53137047211294	4.70681295640872	6.60724253630312	8.87524811973784	7.25153529399515	9.52708314491906	0
Train.GSE66676_GSM1627749_Control	6.12370556081441	5.91101660897557	8.9800269789633	8.06047378802421	7.38567531744002	4.69726380775322	3.5511557340285	4.42737102698807	7.13725465173485	6.38917443647516	5.02585738631948	5.32520486620743	5.13675739654413	8.91514154057533	9.27572168590102	9.29049202305924	0
Train.GSE66676_GSM1627750_Control	6.54424270847858	5.43754320278116	7.49534602513269	7.33557957913504	7.06839262175545	4.97765536736379	3.3049084706116	4.5781171856579	6.71759712082407	6.96906013453785	4.2096927085836	5.81486081368965	6.56945892231739	9.27893684061208	7.83697960865987	9.4106248694574	0
Train.GSE66676_GSM1627751_Control	6.00653034599149	5.72894099179533	6.89227326690761	7.79664737712716	5.80051874872584	4.4428144279818	3.79448457550864	4.20915628708675	6.91637851194837	6.57677229203827	4.71673934530656	6.6650264835196	4.30254027932736	9.13591741430531	8.05367798617336	9.44626620349032	0
Train.GSE66676_GSM1627752_Control	6.58141805343127	5.22687719943211	5.03555467372752	4.67282917430475	6.09242452367836	5.33230940356477	3.42991276690145	5.02749453315983	6.45740963382152	6.85639197036087	4.61744498350753	4.53818693661862	6.95453438478801	7.27491768909885	5.3101109569645	8.02573820299875	0
Train.GSE66676_GSM1627753_Control	5.64043054748601	6.57542253557741	5.31369544370218	4.80285617095727	6.332221755856	4.92386838762672	4.98938567348	12.6465911041657	5.60354892571477	7.46543734325395	4.04310063934838	4.03316431886886	6.92852222359917	6.30948488981813	3.99777392846563	7.71040075399132	0
Train.GSE66676_GSM1627754_Control	4.90092151817387	7.29503610440884	4.45909955753644	4.64533825789641	6.5551125457733	4.95747017638798	3.8804517308923	4.39768663855067	6.48011842067221	7.94258636389798	4.79698849123828	5.38229395571918	5.25479672717627	6.7377807875224	5.14641355031392	8.17209191154314	0
Train.GSE66676_GSM1627755_Control	6.14535739738724	5.55195783942019	4.69091678288284	4.5771934335982	5.86979475105182	4.55959406126934	3.99806615561134	5.07675422953714	5.83771682910729	7.0167859963973	4.73021407424634	5.48796936509738	6.08520836574887	6.20707835480227	5.23867608570088	7.81166760597669	0
Train.GSE66676_GSM1627756_Control	5.57103676895461	8.3650464525316	5.70733136525827	5.73645652752389	5.94787343567413	4.30166622158605	5.51349282962619	4.3948622650945	6.34407670403829	7.45734621939516	4.07307856548872	5.34552160469604	9.50345500883783	7.0719562184746	5.45047839682179	7.78014244986661	0
Train.GSE66676_GSM1627757_Control	5.88064551298771	7.26174962494575	5.08091323486362	5.19855834301353	7.44296969134715	4.92650793798997	3.2808423146406	3.88311087475394	5.58623896906793	6.53747885235312	4.66685758593203	3.51409238185062	7.3850905290062	6.84397634287846	4.3216009853486	7.88774926082267	0
Train.GSE66676_GSM1627758_Control	6.75018031885523	5.99761978401111	8.07747828016081	9.31956487015892	6.80893064889491	4.94010839616451	3.69468378261125	4.60603949369205	7.83822744098999	5.49078385438121	4.22530195127521	5.94415688659103	6.4728535460336	8.35591632393522	7.92654934444892	9.92006469293966	0
Train.GSE66676_GSM1627759_Control	4.80287944472774	4.74425306599149	5.99054209344568	3.80899698435686	5.99870565423107	6.25404768527704	3.72606042676704	3.96009685222483	6.1550478180861	6.60561714859487	4.91260410154891	4.20450432903853	8.1017615624258	7.21290377012573	4.75477918576056	8.89409929368231	0
Train.GSE66676_GSM1627760_Control	5.27901567108038	3.47599659762123	6.36658134224281	5.07232418811081	6.79119082084945	5.38316950455726	3.51506443841059	4.13039237409242	5.96651001088295	7.93548015047982	4.75374861086465	4.52856321838717	7.53862474788135	7.08619114879764	5.26857967322906	9.67726602263179	0
Train.GSE66676_GSM1627761_Control	6.14790068339436	5.52874937835249	6.18876705075368	5.89426643039637	5.00551760552235	4.94543811432607	4.10247334989901	4.92112036972423	5.44305194278422	6.26040420026246	5.12417584151412	5.93203376580151	7.36756100481102	6.71630180528808	6.52699278063266	8.07708485648232	0
Train.GSE66676_GSM1627762_Control	5.25250081532135	4.17068458036283	5.34215269846094	4.9400512905498	5.63225391628031	5.39746223059356	4.18740274792731	4.27596688083025	5.61743195724276	6.62928883477884	5.08042018923709	4.52352876987017	6.32204238204376	6.88060139396232	4.51170215224628	8.80229442607181	0
Train.GSE66676_GSM1627763_Control	5.45369165398238	4.03528334497824	5.02057032332114	3.75151962203626	6.71257068713637	4.8889877642563	3.5824580464683	5.01535311452853	6.77759905026381	6.35216563594504	4.65322196021771	4.23427238808506	4.80160712482113	6.43538935845003	5.14086698859758	8.81760895554753	0
Train.GSE66676_GSM1627764_Control	5.35393045928854	4.18439612548864	3.98924222827883	5.72888975528151	6.05439653348693	4.70410907147021	3.77579339643796	4.84015043296125	6.64918309590433	5.86171554323386	4.72817354225535	5.17302572995572	7.80851536638047	6.92313239634278	6.66320251428326	8.46963410203981	0
Train.GSE66676_GSM1627765_Control	5.17188617517398	5.91722618688276	5.07283122705398	4.68799902840339	7.11757604513958	4.2812964258471	4.2954940529932	3.88446432546858	6.46380883773669	7.36733099535266	4.91472207451082	5.62817377349375	5.76023046022299	6.54016671310119	3.7040719671666	9.26750340913063	0
Train.GSE66676_GSM1627766_Control	5.24579124977544	4.19673382513931	4.2343075565798	5.04823275930192	6.52790778494998	4.78243136410155	3.83740284232379	3.31341910973049	5.73133186666359	6.49096003906206	4.76558354604159	4.5327953266767	9.91398442512967	6.73148077238897	4.15543081043551	8.3656646439274	0
Train.GSE66676_GSM1627767_Control	4.79678539463507	5.47962185691279	6.10604953320641	5.24095057366786	6.16585523097969	5.8923779237028	4.04058750549642	4.89364849124101	4.99589779697187	6.28594861384139	5.36711042284717	4.81419488453001	6.74342096264014	5.74051463898481	5.48409298264421	8.5543782679969	0
Train.GSE66676_GSM1627768_Control	4.86857864018754	4.73737947489278	5.08860780360824	3.32699366816218	6.46225726245883	5.1921802452365	4.36150783346855	3.74311592894942	5.49208239878144	7.1162832820456	5.36092191186048	4.93781420028261	5.81819338385125	6.53007982316569	4.38826531145124	8.685331559159	0
Train.GSE66676_GSM1627769_Control	5.40395785632588	4.82367137101707	4.76360497761831	4.63335381596538	6.28089770306522	4.98913584825844	4.22686855911798	5.80124529850153	6.00224111318527	5.85140009587062	4.79087742122251	4.32807854497781	6.48891466004929	6.86528940349727	5.06938412392188	8.59604106001362	0
Train.GSE66676_GSM1627770_Control	5.33648439658744	4.75153393790866	5.10514335594285	3.7865417575234	5.99884443201927	5.03502129750879	4.36216455057103	5.01287683302932	5.86913296589451	6.50471274295186	5.91815255330077	4.70548178449916	6.00631908635282	6.65586700237974	4.2692165452409	8.48993871888781	0
Train.GSE66676_GSM1627771_Control	4.95467628603091	6.81027156480977	5.25746907222552	4.33691456375215	5.85405821273659	4.95285580168359	4.26167817388533	3.40308125579555	4.8085698499325	7.44446809243882	6.01695294696491	4.93930831345324	8.19133533872972	6.21869930450178	4.09547374826141	8.13580713394343	0
Train.GSE66676_GSM1627772_Control	5.86241328950797	4.81195986562478	5.72062862093004	6.06869025096948	5.11979428307713	5.11021424165533	5.48213855715191	4.58053797423643	5.86277095341474	6.09958796467195	5.09296186725543	5.89622305918517	8.33036976243744	7.4943669050842	4.88593115213787	8.76764581309244	0
Train.GSE66676_GSM1627773_Control	5.50969238258524	3.53110096507185	6.10795926083659	5.5049797132424	6.54018494534268	4.68283783876288	3.79406817356564	4.30496733703751	4.97305694257508	5.70859911533006	5.05619469871321	3.91164287185243	7.75572738006687	6.02160802620528	3.97585570634775	8.60238173471686	0
Train.GSE66676_GSM1627774_Treat	5.00452484080581	4.32628258062005	4.66181403729375	5.44770961830104	8.10704513674679	5.17156108419251	3.93376200460389	4.65249427516978	5.28082441959431	6.49089383895776	6.91905304308936	3.5127735760189	4.91927406542319	6.49085938612211	4.14088954493477	8.74874474778447	1
Train.GSE66676_GSM1627775_Treat	7.01715753857901	4.10285777834553	5.69002671746623	8.94369606823392	6.63098085256692	4.9663661905987	3.74729331752447	3.94100800819993	5.72077329405488	5.95739087619395	4.67357615404976	4.12790156868197	10.8202563694256	6.98684915741292	4.97323633723682	9.12246593275457	1
Train.GSE66676_GSM1627776_Treat	6.49664533068216	6.4970580696696	6.74048317067565	8.11005305287577	8.55126996056346	4.34986741849012	4.73426334750669	3.69335967903517	8.01660819128496	5.09419300510218	4.26020076241225	5.15114941082552	5.05915297605513	8.65764335136619	5.55417960820841	9.74049312079301	1
Train.GSE66676_GSM1627777_Treat	5.5705568755504	5.1801446346624	6.33143570377395	7.00360304878777	7.22710767282722	4.9297422432151	3.78996910417871	5.09301005185849	6.73260803955618	6.9413539197752	4.69479122081095	5.30413961630081	5.441346759084	8.70094746265337	6.25692129872257	9.68897326003117	1
Train.GSE66676_GSM1627778_Treat	6.15717738058239	4.4875861487716	5.76907657490921	7.45507754421287	9.50229832389413	5.11352893927731	3.86856803800593	4.54532951778639	8.31747020546227	6.70180075124463	4.31765820356322	5.22666250149873	4.66990795381558	9.37415510770809	7.02638343071351	9.71293026010647	1
Train.GSE66676_GSM1627779_Treat	6.88777186828795	6.17096504593278	7.04626583857075	8.21789260609719	7.37121726051042	4.57955742877977	4.65082274879973	3.40333709978048	7.8100591032246	5.35669701423658	4.07516646428717	5.70954838506712	5.57983128432945	8.36038834058061	5.2233573269244	10.0334109632529	1
Train.GSE66676_GSM1627780_Treat	5.80631792354123	5.60344322588392	7.97407325134336	6.4528686593208	8.45978951212487	5.21015538967298	4.57219133995095	4.18265085024802	6.71117514664232	5.8072071129106	4.1919812818659	5.32449199819028	4.06663006223489	8.73590686096781	6.69589193479277	9.4272706614851	1
Train.GSE66676_GSM1627781_Treat	4.99031656823098	4.20359214320732	8.14788882472115	6.82883655623367	8.20630505093967	5.47002232374326	4.62480736986849	4.13750555756075	6.34306039114037	5.86717852295198	4.42648306776381	4.86231565793628	5.74172728339337	7.79053984947213	5.13431699538863	9.2556544566854	1
Train.GSE66676_GSM1627782_Treat	5.88083702324374	4.67976014838816	8.09141596682439	4.89020726809703	7.62560054156741	4.98395277178373	4.11709793460431	4.15909806920155	7.65401218939079	5.36385103884118	4.95457710778664	4.03426708204641	5.21428099404485	8.64691852142627	7.56833980715021	9.25251239076969	1
Train.GSE66676_GSM1627783_Treat	4.76070769406811	6.03914279074041	4.66011826855022	6.30206878127789	8.33784410342401	4.68399161853249	2.78548926424314	3.96785216806097	5.22674655450731	7.0143402703218	5.70174639155881	4.2990509957695	11.1209601856881	7.45043343594512	4.96411020533933	8.90567984641948	1
Train.GSE66676_GSM1627784_Treat	4.81653107076072	4.72506795758044	6.30970586576542	6.4268044081578	6.76078985656205	5.17341680868647	3.62869381715171	3.79057534849756	5.7525658992494	7.38638338536997	4.7069953163444	3.87317127624964	8.25881875716369	7.31799365816471	4.98499767663772	9.25782956791953	1
Train.GSE66676_GSM1627785_Treat	5.57594300835424	7.4149730325739	6.2073070219825	6.71667540251033	7.95032906106987	5.3520889106861	3.9603612122559	3.41676278314741	6.47956434418566	7.33794109127066	4.76088596170861	5.75022332477595	5.57313506198316	7.0089303206828	5.08605925035982	9.39005185290134	1
Train.GSE66676_GSM1627786_Treat	5.31532214070804	5.23818578772899	6.39377580586988	4.70953289878466	6.07066301599857	5.04230425316419	4.5823459183565	2.43383253435247	5.02315001101225	6.24184095546025	4.36287094906005	5.65353296207914	6.04082823628089	7.18970835738623	5.64120938495803	9.3830233592129	1
Train.GSE66676_GSM1627787_Treat	5.39218481922462	4.27348589537832	4.77828212354218	5.27143930257211	6.3437733888482	5.13187031574389	4.21027670977381	5.23641096575534	4.53969930127776	6.73994083800155	4.03747677078072	5.14861872936465	5.07786312016313	6.89487851986861	6.23892672263247	8.50431778591436	1
Train.GSE66676_GSM1627788_Treat	5.22274295320339	5.06210592602624	4.77506117489718	5.02716410584847	6.09229006022554	5.06648673276117	3.65706399597899	3.81373103085192	5.09989643547899	6.79056258664573	4.90604417464345	4.4220621914585	6.2153741660423	6.6764269791144	4.16228796148179	8.61101275359557	1
Train.GSE66676_GSM1627789_Treat	5.29692746883991	3.94750632844092	4.70384177900521	4.8424177646296	4.88189104413331	4.89895567709169	4.32221233572424	3.98178377389951	4.86259610241527	7.2372073347854	5.02650473268803	4.2549019156016	5.83619198352043	5.90691399431039	3.84704508011987	8.96054861980538	1
Train.GSE66676_GSM1627790_Treat	5.41311905121941	3.87733838900464	5.56152561234587	5.76426364015309	6.74674813299706	4.98794708290871	3.58722826630062	3.36050088914312	7.00042204784205	6.21421050303919	4.64701014175434	5.10962557624321	9.73113714358195	6.55144795259654	4.54098551721833	8.84168262002927	1
Train.GSE66676_GSM1627791_Treat	7.37497843068567	5.80104424240647	7.37919454020978	8.60654617435914	8.74783899029948	6.72906179392157	3.81200448880204	4.04755657795765	7.41850235828839	6.1444657509331	4.61078205259221	6.39931802362325	6.71765353648122	9.15046130211928	7.48085741560665	9.33871307247587	1
Train.GSE66676_GSM1627792_Treat	4.76222934365104	4.26427625787086	5.08419923857551	5.59209252854108	6.19273857381686	4.92177892968266	3.75207869236686	5.34146050596755	5.24034647572094	6.73370331706314	4.82385599702242	5.31211282684767	5.26691564328725	7.11282371362378	5.77407656204714	8.22519711991393	1
Train.GSE66676_GSM1627793_Treat	4.78458462645614	5.12591155724841	5.11406601978349	5.51674629749015	6.04187992748039	5.1599302397408	4.00208584161225	3.86432255732542	5.4226292906972	6.58192928016318	7.80066661906252	5.05788372427638	5.58990620972762	6.46514153571936	4.63703879379959	8.34321354514746	1
Train.GSE66676_GSM1627794_Treat	4.63266185039317	4.74576073230697	5.51417853466525	5.69517249654316	7.63526393377296	4.31572744729439	4.11369960401575	4.24546451232835	5.36806565992336	7.72224520119175	4.23794588144932	5.80476572966728	10.8202563694256	7.78901651739878	4.61736740172735	9.14278915864899	1
Train.GSE66676_GSM1627795_Treat	4.94185478616609	4.91726813953533	5.04981402155516	3.59129512984082	7.02864680702507	4.79814212269341	4.09803004528364	5.13837587485389	5.70537679880884	6.33284035438667	5.44379728411665	5.04232137901231	7.28349678810031	5.97764237399423	3.97585570634775	8.6437446347931	1
Train.GSE66676_GSM1627796_Treat	5.55657290097971	3.90518912411563	5.68164039651037	6.07950370785289	5.48090055948641	5.49409389160754	3.89941642181115	3.73062930111028	6.42228346160109	6.28740722280611	5.46898965899587	4.57443918495578	7.11794562604331	6.55674385588443	4.75906684335997	8.28657047075814	1
Train.GSE66676_GSM1627797_Treat	5.15152945465166	6.7456324624841	7.1842577551159	4.62272720230338	5.16516886737258	4.80325969425216	4.53755781196713	4.52668389643961	5.33107080782639	6.40927058147025	6.18224731604668	4.37730353639431	5.00435423465006	7.42264943232175	4.52541719269902	9.09313378119248	1
Train.GSE66676_GSM1627798_Treat	5.83182381086966	3.57763788959127	5.31719468346664	5.79435901490698	5.31205185365217	5.81482010321558	3.95400909804045	3.39698640345597	6.71556677205487	6.46246677861496	4.61903515490066	4.83017985868995	5.28618021798772	7.40433940990764	5.00855948852937	8.90288562652542	1
Train.GSE66676_GSM1627799_Treat	6.24341586470742	7.69394075646607	5.81983470659695	7.75990356078192	6.06365797344582	12.5841889313328	4.05631263259874	3.63411558106006	6.4484738222104	6.69737343538044	4.81699908775276	5.78842286666607	5.89638773661915	7.47984947890718	5.82592790610064	9.76867079574415	1
Train.GSE66676_GSM1627800_Treat	7.40443673201404	5.36996731483952	8.84493507273317	8.86549801959289	8.24048681113574	4.19117357148181	3.42301218565535	4.19592807203496	8.53772547598026	5.36784290513042	3.78341775638255	5.48237917049355	5.16651914010487	8.94378662016881	6.69257965099891	9.64316637652198	1
Train.GSE66676_GSM1627801_Treat	7.3817192936275	3.81771247718192	7.16337941564952	8.02734807341198	6.76631652018969	4.72282189058519	3.55847271721759	3.37989314251353	7.04902442282775	6.33669393601359	4.1971435120244	5.77305474156586	4.66735636452221	9.58055659113649	7.01612096248995	9.04958431816124	1
Train.GSE66676_GSM1627802_Treat	6.70318727887064	5.54359840062128	7.66162027059008	7.46883434917138	7.13735080137477	5.8574876234698	4.35394187511422	5.69894085614452	7.07716923131768	5.5588169660128	4.12471515230134	4.88377953199942	6.532325669013	8.04094846551546	6.11104495351842	9.4436408964792	1
Train.GSE66676_GSM1627803_Treat	6.71002203400025	5.76844650389889	7.22808318517568	10.9420856856638	7.07886782806919	4.41271119723161	3.71510624116419	3.73799256306529	7.16884460155689	6.06057035875471	4.18084557098948	5.01351714662162	6.14136750156405	9.60202699121827	8.19328417667901	9.37799533801521	1
Train.GSE66676_GSM1627804_Treat	5.89403409185968	5.61006081189674	7.46791591759668	6.0345569445721	6.04964429306083	5.21983076350871	3.58215566793429	5.98951620254411	6.14409759689239	5.33271050977883	4.9463232536241	5.16645716036917	5.37341541511689	7.25856797335754	6.7358807840999	9.18744872287278	1
Train.GSE66676_GSM1627805_Treat	7.48089552508794	5.07859861731239	7.18533983772846	9.06461540340506	7.69992503534925	23.6729615941902	3.39477262858142	4.15295781356324	7.93482042979952	6.65334153934089	4.83674352792058	6.15135706768843	5.02422687015016	8.36934095602393	6.94150080538443	8.82304709149913	1
Train.GSE66676_GSM1627806_Treat	5.50254912455292	4.34082832413652	4.0294896296598	6.032492591733	6.44162826781749	5.58065342741985	3.95906581972957	4.75787172809508	7.10126320938474	7.67448771039359	4.8992368877435	4.95362604935268	5.22382641556657	7.37052215305852	4.74656492869263	8.4183719049977	1
Train.GSE89632_GSM2385757_Control	5.91113036890249	6.63940831583304	5.20687437332248	6.748999128526	5.86321517387358	5.31661405351564	4.59190974003666	7.10526212665151	6.40099842361816	6.34394990877882	4.00329598029636	5.08567008297688	7.33563365837754	7.03729268986849	6.07669208134614	8.57662867536847	0
Train.GSE89632_GSM2385758_Control	5.59769991475625	5.46717142774986	4.71920923147215	5.74016842909275	7.51746603948847	7.6545137577439	4.18438906592734	7.94177877250678	5.93184531606502	6.80890810666048	4.0919403289589	4.75672972076839	8.39387245986014	5.86804757105851	5.80283569128721	7.96013916715083	0
Train.GSE89632_GSM2385759_Control	6.23415481621736	5.33124363644997	6.73848453445406	5.2925957042591	6.01722421981345	4.52875166709256	4.4205957743477	5.6534121578235	6.48075067507398	6.6338213352532	5.61255469312124	5.64640573674039	8.150293878497	8.36389128916995	5.6948711881873	8.91571584830332	0
Train.GSE89632_GSM2385760_Control	3.87050282113095	6.28525735286884	4.66635249561003	6.9966484717644	7.38055995378572	2.67800487680878	3.586987734641	4.88969292702781	6.79726443918558	6.82903749881907	3.68379979658466	6.5107862130571	7.62325261051589	5.89879112998046	5.20771029320928	8.64807617664168	0
Train.GSE89632_GSM2385761_Control	6.05593835265991	6.75929375206605	4.99188964054932	5.94174064538328	5.23571968389912	3.57138786690313	4.28000938538379	6.22494210782712	6.39601978073342	5.71234177500446	5.06887283824826	4.86539764824428	7.67957392105615	7.25832095040067	3.00477487459161	8.43053492088799	0
Train.GSE89632_GSM2385762_Control	5.39444866419668	6.26913717807414	4.84137252740954	6.87417818656541	5.87926903155634	4.25129145247084	4.6484809389123	4.91496209690388	5.97108759347249	6.0435054429798	4.50975842639404	5.29378775430899	8.36015492200413	6.3057280525499	5.27274254795706	8.4494325506797	0
Train.GSE89632_GSM2385763_Control	5.65016329244325	6.57411269137376	6.63727764406332	5.77481687813705	7.20398139705411	5.04967355620879	4.92890852334559	7.60569202428093	7.2457785012184	5.393818354944	5.77666865128707	6.20475742891963	6.54887247631337	7.46914681952795	6.60356442370946	8.41547104095297	0
Train.GSE89632_GSM2385764_Control	5.60818528756794	5.86974742547064	7.65700569784554	5.20431795551513	7.13808423839015	4.70268657267039	4.96367195141562	7.3880538342048	5.34207036459768	5.70817102132226	5.74585240784019	5.00677908902692	6.9855908068712	7.68088068039247	6.06114657215658	9.3394445511469	0
Train.GSE89632_GSM2385765_Control	5.4985291975989	6.74611996307806	5.82251952920739	8.24304873868807	5.65292238709041	3.36105895108417	5.18923991494246	4.72224102096681	5.18491142684546	5.59770938017725	4.52445536933698	4.95693550275145	7.52321029330737	7.54481994942548	3.91686537916502	9.14360308971035	0
Train.GSE89632_GSM2385766_Control	4.27262443199638	6.62757528075367	4.25770533421991	5.59702776151756	6.37103164743029	2.9653603533591	3.85532205404884	5.06696772866684	6.78310619103564	6.40406342837742	4.78437335707568	4.50171042582259	7.41635104801866	7.04685764189453	4.13614033838316	9.10933510330364	0
Train.GSE89632_GSM2385767_Control	3.22688893842194	5.16104272790426	3.34729415231683	7.19526531242023	4.47241330225928	2.09879552247995	3.94778904891265	6.80830905815435	5.2115882362496	4.83192672789789	4.10602405970882	4.2296623870048	6.29741833679467	4.86835932452428	1.96966462889217	7.36241301729761	0
Train.GSE89632_GSM2385768_Control	5.18689029581667	6.50563351275974	5.31353208320089	5.63894479010025	7.15871610925507	5.56702096116137	4.68688084772894	5.20682026666453	5.21900618189114	6.51859343370998	4.45554373191851	4.90430867606049	8.47821238115701	7.51617630019076	4.31183617189032	8.76550076262562	0
Train.GSE89632_GSM2385769_Control	5.0431554401515	6.95824017713516	5.2047928280323	7.03643344520711	5.41238136349246	3.04619193089583	5.39952542199408	5.80338494697155	3.64493332729501	5.54879706533741	4.9343323839096	5.26858532394574	7.05592576608119	7.60745049605759	4.30640767396771	9.16524805891378	0
Train.GSE89632_GSM2385770_Control	5.144080674421	6.76708234316067	5.53865803350089	5.42824917816233	6.74224037157608	4.53171055392107	4.93178581025504	4.78488236671814	5.9565950778093	6.9382454571	5.09886166627287	4.86405636524753	8.4272606629228	8.16237376570819	4.09230692142417	8.81006585015217	0
Train.GSE89632_GSM2385771_Control	5.96798834808332	6.15686294759356	5.0735757461528	6.53282999358584	5.9945308156906	2.52709264162855	4.61388710262148	4.53483991440426	5.19688334990019	6.6207571124481	4.76298288275609	5.11442652411377	5.72041871798009	7.19739439015259	4.74477219016131	9.0591794287913	0
Train.GSE89632_GSM2385772_Control	4.48770840826229	6.30096537402099	4.32267582952031	7.68474916552432	6.8853564397258	2.22675044330372	3.27489382885967	5.48155678040384	6.99950311578416	7.47106266033894	4.61698514954817	5.76133657345506	7.880714692877	6.95275426792959	4.52864914290466	9.76184127570595	0
Train.GSE89632_GSM2385774_Control	5.83586490082473	6.15883753227592	6.17861267764664	7.05693430707352	7.02647957255022	4.06847839765937	4.02122517598034	4.24983403931604	6.11771444802612	7.05750935833532	4.6293851782566	4.27759876036786	6.86318627951721	8.08312402374547	5.4581706332383	8.4005329868011	0
Train.GSE89632_GSM2385775_Control	5.31460230060172	7.05128798929311	5.56190076323158	5.89975220789329	5.73379108050034	4.07656825477945	4.79837192671768	5.27435587181321	6.18469546416969	5.0359332355353	5.00052591843424	4.06214094893309	6.43893281767436	8.2211529283584	4.45438029757559	8.25061922452898	0
Train.GSE89632_GSM2385776_Control	5.17145471821584	7.13608749213261	4.84310877486135	5.38481531545983	6.8553298878442	2.76893306945326	4.30377229682022	4.12582465810232	7.0198519163066	6.28401851302271	4.9062877753675	6.25269853048893	6.56780620551043	7.49006152523368	3.80851301545948	9.12701226594285	0
Train.GSE89632_GSM2385778_Control	5.41537246372616	7.12421598356164	4.90065070435729	7.32677374131903	4.95441358383619	3.1022927973515	4.23334119174674	5.03894337131363	6.07285322783794	5.42227115977181	5.66121318589689	4.25708416463367	6.18546361754053	7.90277795538584	5.20671764177539	7.9301864754637	0
Train.GSE89632_GSM2385779_Control	6.1595301250624	6.33297888274024	5.85381622078556	4.07116495363997	6.77243288155881	5.72489815540501	4.44630487774235	5.37377734883806	6.24504198364353	5.58625271657155	6.03870115345889	4.08992192475265	8.32139674895792	7.03141441601378	5.38987224220828	8.03693347690165	0
Train.GSE89632_GSM2385780_Control	6.09954471633475	6.40652608931027	6.83747434816527	3.80122725650189	5.86687293931821	5.66531332066955	5.17344846662946	5.1320772121511	5.83715387221678	5.66631549048938	6.83291439854118	4.61682697192989	5.45856424611604	6.80876634571026	5.3775012388019	9.00091335926065	0
Train.GSE89632_GSM2385781_Control	5.82503868446787	6.8461132950364	5.82465673272146	7.51405366149136	5.35321916998617	5.92020865493128	4.40445027613307	5.59336629524773	6.53419173170589	6.79697369896876	4.75851205761562	5.66564298937447	6.98785128233578	8.00028944515472	4.95627701596334	8.89645398221445	0
Train.GSE89632_GSM2385782_Control	3.49232722047741	4.78932712508546	3.44776093289661	8.14678945600818	6.83829761080181	1.33773216485911	4.09451603145163	6.26143994589248	6.14634008864513	6.58926395749685	4.55878795916142	4.42830946124588	5.61874302105339	6.85205436546145	4.99917758866349	9.24318081286632	0
Train.GSE89632_GSM2385721_Treat	6.10013761569355	4.50882066516966	6.55055112970414	5.36780565322593	6.62289912447559	8.6087950380197	3.44816117431163	4.07785579192177	7.67072633165246	5.77870193644473	4.91396567922555	5.16698546831151	7.75897017964164	6.93643149299542	6.32498762314617	8.95265692402651	1
Train.GSE89632_GSM2385728_Treat	6.19603086209764	4.45102164054964	7.73905466615543	5.31170424372329	7.76110950166147	6.62610540996021	3.96036135658933	3.91855629318213	7.01396124834483	6.32215286243726	4.78802563867209	4.89952613182343	6.8209972083865	7.59996342619395	6.40546895724322	9.28024538108451	1
Train.GSE89632_GSM2385729_Treat	5.5680066594056	3.90160214376446	7.55329274171149	5.42702244272841	6.86545570489738	10.6920423642307	3.81002192481968	3.6938300716238	5.96879796726795	6.61572274162749	5.60268623230776	5.73858146263964	4.15359620190216	8.46687046831311	7.6234570659779	9.57990878815393	1
Train.GSE89632_GSM2385731_Treat	5.4985291975989	4.85631662319585	5.11200008048103	7.23754319048436	8.60972722043015	7.49703981325161	3.25168304330632	2.82991554024851	6.00794638563662	7.87890889548433	4.01458494159125	4.81763212315794	5.80531529061322	6.93329813480461	4.68170488169101	9.49770453515684	1
Train.GSE89632_GSM2385732_Treat	6.46893223176477	4.3401883114218	6.81872634528923	5.57537422070054	7.08809115806551	5.17714910014764	3.62171673918818	3.70806530301403	7.40195975962497	6.74274330908355	5.12019402227156	4.97382640122625	5.91830587354212	7.9835267133231	6.53189696898728	9.12100583834271	1
Train.GSE89632_GSM2385735_Treat	5.62112899631209	4.54919100899974	5.45356456034407	6.88605445610509	7.41619636406229	7.20677723597508	3.2117058804263	2.84376882900016	6.2570548172772	7.31955438007991	4.13918082492725	5.18228864968053	6.36716880228198	7.44579120660796	5.18230966911072	9.53128807367869	1
Train.GSE89632_GSM2385736_Treat	6.01964514716671	3.82636624910089	6.20000234993875	3.63486122005386	8.07829426193282	8.29462630767914	3.81241035440471	3.94968803788696	6.11771437212523	6.34860561500284	5.3280529563864	4.42270093575018	8.29882507886247	7.28138684415497	5.5833070315092	9.24635773495744	1
Train.GSE89632_GSM2385737_Treat	5.83663913878588	4.70329588868499	6.4178707569768	8.25282926270165	6.5478702147744	8.58870616160155	3.49660274949221	2.7974553022296	6.79013711804637	6.95149062685684	4.12639103506034	5.25498445685334	5.17270700851556	8.55830207516085	7.07865120991184	9.00342529423508	1
Train.GSE89632_GSM2385739_Treat	5.9742992444192	4.42563509984778	7.01561622805788	6.62033465013429	7.13743852619425	6.82684649033111	3.61777138490326	3.63886779299423	7.47622726107108	7.36697792812973	4.83605633328544	5.56564579197773	5.68347883556354	7.68088068039247	5.86381242887801	9.43852985030515	1
Train.GSE89632_GSM2385741_Treat	6.8959099364051	4.31350341765366	8.03723593861837	5.99820572592693	5.93155733830557	7.73964632851211	3.68912694559023	4.1111838959788	6.60614197902402	6.36584184193654	5.39833943418759	5.14904717759128	7.73396106950504	7.82941700041467	5.97672837538443	9.2659667313354	1
Train.GSE89632_GSM2385742_Treat	6.47415368065195	4.63692438830651	6.79817328115728	6.23629013348415	6.09853434163881	5.69817966787444	3.51928330454369	3.66315639575509	6.74336091843962	7.37364795641623	4.6308197158538	4.9938281684379	6.15073617000861	7.71712883194456	5.80420756451257	9.07776270884493	1
Train.GSE89632_GSM2385743_Treat	6.96941857732482	4.83368829728969	7.63530549603415	6.6585452235902	6.33744353978313	7.36885649613964	3.79531449272607	3.93395680383781	6.50001887464588	7.13336364451151	5.11567237179483	4.96040266001362	8.35848029990129	8.08715835061204	6.4011673446363	9.01519981049461	1
Train.GSE89632_GSM2385748_Treat	6.14202646024928	4.30574762721067	6.54319356066268	6.05528368249484	7.45698912417932	6.2662048021785	3.67370419702191	3.64000359614986	6.43839797925298	7.16952729037674	5.08581098303791	5.10758444598187	6.96715107986415	7.73288351844407	6.15517674182854	9.35806576502594	1
Train.GSE89632_GSM2385750_Treat	5.91780818994681	5.0098176145204	6.50374344526811	5.67435725393658	7.0614709896868	5.1230941457544	3.66669897403971	3.58297849431447	6.90979942292729	7.4891281539125	5.29871425659047	5.47877918700697	6.75922525594542	7.15157427781656	5.69396743531979	8.83483019654932	1
Train.GSE89632_GSM2385751_Treat	7.16656161944594	4.37083401114947	7.86529684250324	8.45968891522329	7.25018289563161	4.37792287624276	3.8553218375487	3.83823079498626	6.80162471753115	6.89825838743313	4.80056205371182	4.61847187850863	8.00117622048577	8.4854510430856	7.05546374663443	8.82510195966405	1
Train.GSE89632_GSM2385752_Treat	5.74312475528388	5.13886308727548	5.57636105893249	7.67293447103818	6.92508981478916	4.81983243798803	3.24439162878419	3.32937080201905	6.4682664969223	7.36444540636192	4.31466432059043	4.5116987978673	2.47045309002873	7.80957935485095	6.16277520650144	9.13818198819355	1
Train.GSE89632_GSM2385753_Treat	6.9416637485462	5.05153989793587	6.96014810952749	7.45841122063716	6.17280203000475	4.57074701758422	3.62274944487351	3.44306570686005	6.37597708849458	7.28158347136731	4.24075556017089	3.93347190892027	7.99489846482644	7.69896256058526	6.06456665653758	8.62333337379443	1
Train.GSE89632_GSM2385754_Treat	6.23121062547193	4.42260231232459	7.20347502187442	4.19698185056319	6.88470044503058	9.44500875414797	3.87811280767345	3.71647212015264	6.87981857194289	6.57512538055465	5.85775536267125	4.72312308567445	5.43379774090817	7.8440281150901	5.40259426204703	8.93988613667996	1
Train.GSE89632_GSM2385756_Treat	6.31600123244729	4.18270227365614	7.13306158597778	6.48262363144457	6.50681212303121	9.01426405870229	3.62445113600281	3.51028493029215	6.45396145645387	6.83323370276358	4.21417977377234	5.18558893763337	7.25445791930386	7.54481994942548	6.52480354268153	8.69535539358941	1
Train.GSE89632_GSM2385720_Treat	6.2859952266902	4.09481325489375	6.84154332574885	4.9518277086513	7.4482432472989	6.44405958147683	3.96919586145217	4.12001952204989	6.06616635955509	6.13088296064433	5.18378208164455	4.46603596428748	4.45062007952654	7.46914681952795	6.30187709700013	9.15168356710788	1
Train.GSE89632_GSM2385722_Treat	6.13442797414144	3.76321764911336	6.62015674069354	5.31630489873688	7.37887995158696	8.41886858851652	3.95541360663919	4.03527044532022	6.32220814002405	6.83763674525619	4.98665210534529	4.82386784884795	4.03841921362298	7.14430698257553	6.36702387141273	9.17950745545716	1
Train.GSE89632_GSM2385723_Treat	4.828599197595	4.6416837555851	4.40808048274707	5.70365003493368	8.34004513352604	5.97937961769778	3.51236468161895	4.01350482459441	6.75336541456178	6.58000800602508	4.13730870825165	4.58328965961353	5.5568201486772	6.47654936196447	4.36648590104831	9.0591794287913	1
Train.GSE89632_GSM2385724_Treat	6.49701568320063	4.53554906525666	6.27282716031469	5.1834191251516	8.02820583479618	7.41761202839495	3.91539658608273	4.15776119429438	6.38662469284558	6.00013826954308	3.98290396820376	5.30909099387132	6.19237224572142	7.22467855490927	6.03649841092344	9.14635594026274	1
Train.GSE89632_GSM2385725_Treat	5.59838003697679	4.34770206069267	5.44703194737747	3.85768923559936	8.2214484400451	7.71434885103327	3.61034268764003	3.94305439973573	6.96714186113249	6.40811215320069	4.97345405870936	5.61255185283111	3.65434376567737	7.15497509879085	4.97680032801805	9.12100590991597	1
Train.GSE89632_GSM2385726_Treat	5.48361792589747	4.03922596875838	8.76678514371547	4.94204378061142	6.67387828929573	9.0792694996702	4.73694361928539	3.86703234150384	4.09784455550524	5.42048596362587	4.49923021361958	5.43897423724559	2.5846302903894	8.09179485851418	7.63684634191663	9.69171022132084	1
Train.GSE89632_GSM2385727_Treat	5.97121771771973	4.90004881563181	5.78213478935188	4.24079424099038	8.2537526733874	7.46388633864637	3.50496643870926	4.29949840160191	6.46826664872408	6.81379654302895	5.44808570945571	5.61729468013579	6.51293880233308	6.60880669748577	5.60430090051037	9.30095445839925	1
Train.GSE89632_GSM2385730_Treat	5.83586490082473	4.70773306774469	5.76665435791877	6.49489401158489	7.22553437852365	4.56772783645807	3.39382363628498	3.13240048180157	6.7630913544229	6.57225156047135	4.29920920798658	5.4804005980378	6.77087736264748	7.74753539834399	6.07669200751012	9.27502718974701	1
Train.GSE89632_GSM2385733_Treat	6.45117110861134	4.49935278253182	4.36398333935792	6.803322547011	6.24203927521786	4.34139472979875	3.59642331606939	2.99296039313507	5.93888542708326	6.39350370262931	4.44615675846208	3.87936726318478	6.86987698777177	8.3685306577896	5.91797424962517	7.84226853663872	1
Train.GSE89632_GSM2385734_Treat	6.14278788118162	4.08549139697506	5.87269057505818	7.58970708700471	6.55248619410794	2.98494542997991	3.39420041870169	3.10280711616782	6.32342938532111	6.73656720713079	4.35086699708444	4.14237315313817	4.94164949428169	7.86750094591	6.3527988455796	9.06196799439818	1
Train.GSE89632_GSM2385738_Treat	5.65171750622147	4.40388164950402	6.52581381041009	4.27698009960234	7.32528001497523	3.66048169858873	4.17933407623937	3.87596093623425	5.6439354849183	6.14249136960022	4.74812233636391	6.02514487637754	6.0359659404134	6.96555161618659	5.90913452764378	9.83707042150587	1
Train.GSE89632_GSM2385740_Treat	6.55228748054883	4.54745752001616	6.60671556875713	8.58347837408152	7.28973427764732	5.79875695795086	3.72618967735281	3.20184583617747	6.82381942766357	7.16889507938068	4.51124574414812	4.74540108410982	3.65583340133322	8.12534163452286	6.6890491079341	8.98747490795765	1
Train.GSE89632_GSM2385744_Treat	5.57533121878147	4.24679009230254	5.87394534273162	7.08267404106248	7.26692539314734	2.92564985899829	3.46225644503233	2.75059981862335	6.35328272281272	6.26293745758698	3.8546469088375	5.83785662657331	7.07143539538904	7.91502182632286	6.15636919352873	9.48093557271378	1
Train.GSE89632_GSM2385745_Treat	6.25574033211787	4.16984965468499	7.70949212581026	4.68649974393029	6.91108907741032	6.95176734254783	3.85862851640977	3.61132528715742	6.52998454545256	6.87608870806003	5.60211219171265	4.88222140619052	5.59755795618761	8.23002901960836	5.97320861237833	9.0480369043777	1
Train.GSE89632_GSM2385746_Treat	5.69549235421105	4.06730289018105	6.20720654804586	5.19015191095019	6.90850622862676	7.24279675163421	3.78350007988568	3.79259903838399	5.85937970171351	7.32322922142523	5.3574626312081	5.10405865896238	6.30633628489246	7.54481994942548	5.57205973846971	9.65547482926741	1
Train.GSE89632_GSM2385747_Treat	5.48439395228124	4.30422410603476	6.13173587581621	4.10904866492593	6.94720265318043	6.38709710206417	4.78387818026587	3.70694802152153	3.93274319697148	6.24423394211932	3.93104761444163	6.74694462058522	4.2071179400925	5.40741440870823	6.41565500518755	9.35525837565287	1
Train.GSE89632_GSM2385749_Treat	5.8048760078003	5.38089844109215	5.45232706840506	7.41114139851838	6.66205197695071	1.87435550789164	3.50769405185272	3.4527092233737	6.43839797925298	7.46516150948604	4.49783777985122	4.81254292201273	6.34760812840951	7.73288351844407	6.63724620030879	8.80292355498751	1
Train.GSE89632_GSM2385755_Treat	6.26715717504644	5.01713485079636	6.81075926809776	6.60907866983172	5.87926903155634	4.57074701758422	3.58716908959468	3.68061504514925	5.7605279024602	7.62613588977015	4.58327246341812	4.13032822960563	7.61564678964176	7.9835267133231	5.83607814357594	8.54435300210139	1
Train.GSE89632_GSM2385773_Treat	4.56171810558729	6.85599101854357	4.4003967565136	8.22355236716063	6.37846064534016	2.08437096780029	3.48845368408425	4.20364879488159	6.08288580728887	6.45356580681357	4.42171781656302	4.4806490312226	6.70459344800211	7.59662825868649	4.14349964819186	8.98270555250528	1
Train.GSE89632_GSM2385777_Treat	5.51807114258059	6.38367181709719	6.20378176019128	5.72073975986619	6.52982334986073	3.86051666574063	4.4573993554383	6.66913800205004	6.28952218137109	7.24913218023983	4.88547795795898	5.70020399471178	5.64625116288033	7.62618805270336	5.8485372333525	9.30386906450903	1
